1 2.362e-05
2 2.858e-05
3 3.3493e-05
4 4.0225e-05
5 4.3216e-05
6 5.0059e-05
7 5.4778e-05
8 6.0142e-05
9 6.5134e-05
10 6.758e-05
20 0.00012372
30 0.000174772
40 0.000225736
50 0.000278738
60 0.000339646
70 0.000392606
80 0.000437892
90 0.000490739
100 0.00054898
200 0.00108026
300 0.00160624
400 0.00213218
500 0.00265455
600 0.00318504
700 0.00371935
800 0.00424613
900 0.00477319
1000 0.00529854
2000 0.0105781
3000 0.015862
4000 0.0211264
5000 0.0264037
6000 0.0316793
7000 0.0369619
8000 0.0422485
9000 0.0475057
10000 0.0527792
20000 0.105526
30000 0.158265
40000 0.211006
50000 0.263767
60000 0.316521
70000 0.369243
80000 0.422012
90000 0.474766
100000 0.527497
200000 1.05497
300000 1.58241
400000 2.10982
500000 2.63732
600000 3.16478
700000 3.69228
800000 4.2197
900000 4.74829
1000000 5.27459
2000000 10.5491
3000000 15.8245
4000000 21.0978
5000000 26.3736
6000000 31.6481
7000000 36.9222
8000000 42.1975
9000000 47.4713
10000000 52.7465
20000000 105.493
30000000 158.241
40000000 210.984
50000000 263.733
60000000 316.475
70000000 369.223
80000000 421.925
90000000 474.658
100000000 527.397
