1 1.6822e-05
2 2.2817e-05
3 1.8905e-05
4 1.8032e-05
5 1.9754e-05
6 2.1307e-05
7 2.075e-05
8 2.2789e-05
9 2.1951e-05
10 2.2278e-05
20 2.6655e-05
30 3.1966e-05
40 3.6798e-05
50 3.9797e-05
60 5.2913e-05
70 4.8922e-05
80 5.6069e-05
90 6.2248e-05
100 6.5654e-05
200 0.000111001
300 0.000161406
400 0.000210042
500 0.00025562
600 0.000303684
700 0.000352962
800 0.000399327
900 0.000446525
1000 0.000499127
2000 0.000982165
3000 0.00146472
4000 0.00193379
5000 0.00241068
6000 0.00288852
7000 0.003365
8000 0.00384525
9000 0.00432342
10000 0.00479947
20000 0.00958299
30000 0.0143579
40000 0.0191361
50000 0.0239112
60000 0.0286952
70000 0.0334632
80000 0.0382367
90000 0.0430174
100000 0.0477846
200000 0.0955452
300000 0.143304
400000 0.191072
500000 0.238842
600000 0.286583
700000 0.334352
800000 0.382105
900000 0.430838
1000000 0.477631
2000000 0.955187
3000000 1.43277
4000000 1.91042
5000000 2.38796
6000000 2.86568
7000000 3.34418
8000000 3.82071
9000000 4.29825
10000000 4.77593
20000000 9.55189
30000000 14.3287
40000000 19.1029
50000000 23.8804
60000000 28.6553
70000000 33.4313
80000000 38.2078
90000000 42.984
100000000 47.7593
