1 2.2284e-05
2 2.044e-05
3 1.8178e-05
4 1.832e-05
5 1.7103e-05
6 1.8368e-05
7 1.7609e-05
8 1.7781e-05
9 2.314e-05
10 1.9689e-05
20 1.7907e-05
30 1.7896e-05
40 1.8977e-05
50 1.7043e-05
60 1.8709e-05
70 1.8191e-05
80 1.9252e-05
90 1.8429e-05
100 2.0185e-05
200 2.0228e-05
300 1.9963e-05
400 2.0435e-05
500 2.0442e-05
600 2.0208e-05
700 2.13e-05
800 2.1542e-05
900 2.1261e-05
1000 2.2227e-05
2000 2.3512e-05
3000 2.8063e-05
4000 3.029e-05
5000 3.5633e-05
6000 3.8298e-05
7000 4.2318e-05
8000 4.6181e-05
9000 4.9158e-05
10000 5.3115e-05
20000 9.9739e-05
30000 0.000121495
40000 0.000155656
50000 0.000188261
60000 0.000224725
70000 0.000260664
80000 0.000293153
90000 0.000333817
100000 0.000378464
200000 0.000711785
300000 0.00105779
400000 0.00140009
500000 0.00176268
600000 0.00209012
700000 0.00243789
800000 0.00278305
900000 0.00312545
1000000 0.00347514
2000000 0.00692723
3000000 0.0103767
4000000 0.0138224
5000000 0.0172776
6000000 0.0207291
7000000 0.0241726
8000000 0.0276238
9000000 0.0310719
10000000 0.0345193
20000000 0.0690099
30000000 0.103487
40000000 0.137979
50000000 0.172467
60000000 0.206988
70000000 0.241448
80000000 0.275922
90000000 0.310435
100000000 0.344921
