1 1.8037e-05
2 1.566e-05
3 1.8002e-05
4 1.5876e-05
5 2.5845e-05
6 1.8226e-05
7 1.6582e-05
8 1.7674e-05
9 1.8627e-05
10 1.7844e-05
20 1.8486e-05
30 1.7304e-05
40 1.8477e-05
50 1.873e-05
60 1.95e-05
70 2.0931e-05
80 1.9537e-05
90 1.8163e-05
100 2.1848e-05
200 2.0913e-05
300 2.5524e-05
400 2.7593e-05
500 3.003e-05
600 3.243e-05
700 3.6604e-05
800 3.7399e-05
900 3.7613e-05
1000 4.2084e-05
2000 6.6792e-05
3000 9.5745e-05
4000 0.000115216
5000 0.000139419
6000 0.000163283
7000 0.000187652
8000 0.000209793
9000 0.000235742
10000 0.000268342
20000 0.00050933
30000 0.000746638
40000 0.000992629
50000 0.00123881
60000 0.0014868
70000 0.00173078
80000 0.00196852
90000 0.0022105
100000 0.00245198
200000 0.00489315
300000 0.00732972
400000 0.00975849
500000 0.0121936
600000 0.0146296
700000 0.0170613
800000 0.0194957
900000 0.0219311
1000000 0.02436
2000000 0.0486954
3000000 0.0730165
4000000 0.097344
5000000 0.121691
6000000 0.146034
7000000 0.170336
8000000 0.194664
9000000 0.218988
10000000 0.243322
20000000 0.486618
30000000 0.729925
40000000 0.973201
50000000 1.21652
60000000 1.45973
70000000 1.70309
80000000 1.94633
90000000 2.18962
100000000 2.43293
